x = [ 1, 2, 3, 4, 5];
f = [ 22, 23, 25, 30 , 28] ;
newton_lag([1,2,3,4,5], [22, 23, 25, 30, 28], 1.5)